
0.000288963
0.000247002
0.000273943
0.000135899
0.000260115
0.000271082
0.000247955
0.000322104
0.00015521
0.000272989
0.000265121
0.000277042
0.000202179
0.000264883
0.000272989
0.00028801
0.000247955
0.000257015
0.000270844
0.000267029
0.000267982
0.000257969
0.000261068
0.00027895
0.000280142
0.000283957
0.000282764
0.000194073
0.000265837
0.000252008
0.000263929
0.000252962
0.000270128
0.000262022
0.000276089
0.000256062
0.00026989
0.000192881
0.000282049
0.000222921
0.00019002
0.000277996
0.000178099
0.000316143
0.000213146
0.000187159
0.000271082
0.000237942
0.000293016
0.000289917
---------------------
.012716532
