1702534
2041571
1674007
2123127
2038502
1547725
1705017
1792131
1298915
1741550
2736313
2203959
1828012
1948918
1909395
1654517
1532932
1844060
2124226
1999452
2529986
1634339
1395137
1921500
2135417
1736351
2377116
1940594
7477246
1290098
1798524
1805506
4936310
1235048
2252306
2033667
1296229
2005537
1754766
1495587
1935725
1709487
1884531
3289057
1881617
1729940
1760318
2138504
1907101
1320660
3317392
1298683
1732700
1579998
2604405
2324260
2377982
1674362
1657197
1232292
1893378
1874576
1243859
1814649
1619129
1949866
2195757
2504285
1808544
1798853
2516790
1787147
1684036
3356371
3711679
2131681
1985016
3474652
1453420
2253271
1785121
1555858
3388979
2567082
4479227
2305316
2208519
2237709
1916402
1308216
2644884
2192722
2026965
1437505
2163192
1755525
1400203
1940434
1603133
1763250
1729468
2323820
1875601
2074394
1198979
1500889
2726799
1609781
1906928
2571043
1652726
1926539
1924033
1646246
1635372
1740130
2766243
2046767
1876884
2222328
1707418
1959009
1647385
1878574
1518615
2347206
5657207
1642810
1712176
2703725
1696029
3103036
1784630
1761417
1677180
1621105
1913893
1665561
1499562
1632824
1677329
2885815
1871385
1627365
3284468
1798648
3065414
1823213
1790212
2422454
1936800
2054916
1664473
2697509
2052702
2332013
2243582
1205745
1711197
1530251
1746444
2070911
1238817
1729916
1927520
1693155
1601704
1657296
1978807
2257333
1968375
2006884
1242299
1309897
2415785
2299778
3059699
4859816
1291287
1950127
2088851
2465389
3237274
2602339
3605291
1579781
5553752
1471951
1351432
1935782
2199754
1805110
1784616
4777205
2112976
1770416
6585016
1192141
1763455
2076458
1636496
3544168
1790732
1670995
1593418
1527495
1633128
1950017
1702502
2164648
1688724
2071709
8242768
1749269
1235331
2705705
1452410
1800060
1750621
1554655
1866579
1761299
3727377
1951432
1572633
1763801
1716365
1635682
2378633
3474237
1631782
1899187
2262003
1506301
2305682
5377118
8865574
3644902
1610625
2372004
2413733
1818728
1670943
1260226
2358940
1566181
3292804
1790186
2112991
2062817
2015963
2074223
1701530
1804655
1900894
2063583
1743003
2054773
1880090
1357568
2365754
1684356
1833520
1740302
5293189
1664820
1269681
2527241
2770587
1543625
3686644
1682535
1949077
1576077
2083358
2465623
1752683
1794833
2307984
3557890
1218443
2125976
2634050
1558730
1646449
1659563
1809463
1340825
1843535
1972133
1774381
5603816
2329418
1260077
2768419
2529084
2241732
1940011
1861100
2300289
2064319
2048958
1674965
3057004
1673213
2435132
2338151
1565990
2014503
1637933
2518378
1642484
1594254
1849231
2273979
2364676
2110688
1795483
3910580
1629769
1798367
1653112
2972567
1611570
2114699
2119851
1690153
1526130
4423793
4723112
1549236
1314403
1640792
4234700
1963271
2098158
1668883
1521861
1719686
1583367
1620870
2647218
5843671
2886589
1759933
1792249
1678763
2438639
1711049
1776714
2407965
2484657
2156211
2896634
2725898
1864260
2570835
2776130
1631039
1872377
1513675
2213455
1542154
1712470
1738009
2035388
2019745
2595376
2449169
3794706
1791549
1971766
1631001
1320775
2346781
2516007
2921797
1387292
2342580
2153972
7597762
3210277
1886236
1722785
2053309
1580305
1313325
2077742
3934411
2076017
1810126
2235093
1724308
1927226
1727466
2783107
1663384
1654763
3027239
1826800
2200215
2517379
1771460
1593079
1774850
1829675
1709966
2170866
1804731
2024164
1698836
1977805
1995939
2842752
1627352
2331231
2395077
1612996
3121937
2530019
4986671
4599300
7193352
2995145
1663346
1894189
1323130
4285179
1886067
2492244
2068494
1782190
1333840
1657695
1933246
6538774
3247459
1892571
1834472
5145811
1812255
1358430
1813443
2298430
1551811
2360040
1366783
2339375
1264858
1821085
1874042
1979300
1653337
1777653
1783780
2235319
1411328
1758992
2352451
2009291
1202205
1300554
1929671
1496889
2297815
1800951
2010276
1734559
1962072
2778717
1244029
3802682
1631900
4279195
1723771
1825763
2579249
1987397
2031259
1619940
1867955
1458505
1771423
1731937
2464879
1913847
2625521
2220287
2750807
2073718
1754659
1821192
1975984
2422110
4066072
1814497
1621092
1604497
2394810
1585600
===================
Media: 1091097615
Desviacion estandar: 991624
